0.007642269134521484
0.009001016616821289
0.009642362594604492
0.01048898696899414
0.010430097579956055
0.006309032440185547
0.011397838592529297
0.012370824813842773
0.00932168960571289
0.010679244995117188
0.013208627700805664
0.009001016616821289
0.00853586196899414
0.013952016830444336
0.012581348419189453
0.009961843490600586
0.011865615844726562
0.011675834655761719
0.009678125381469727
0.012830495834350586
0.00859379768371582
0.009828329086303711
0.011105060577392578
0.009610414505004883
0.006915569305419922
0.01244974136352539
0.009061098098754883
0.011157989501953125
0.010073184967041016
0.009656906127929688
